      496.000
     -2.44401  5.06108e+24  5.22216e+06      21010.1    0.0279702
     -2.36252  4.58389e+24  4.69119e+06      20748.0    0.0254870
     -2.28433  4.14828e+24  4.20869e+06      20495.5    0.0231792
     -2.20932  3.74320e+24  3.76933e+06      20232.5    0.0210731
     -2.13734  3.36364e+24  3.37011e+06      19948.5    0.0191759
     -2.06828  3.02194e+24  3.01990e+06      19657.8    0.0175167
     -2.00203  2.71391e+24  2.71219e+06      19360.5    0.0160637
     -1.93845  2.44324e+24  2.44113e+06      19083.3    0.0147438
     -1.87744  2.20364e+24  2.20211e+06      18818.6    0.0135550
     -1.81889  1.99056e+24  1.99091e+06      18563.5    0.0124863
     -1.76270  1.80234e+24  1.80400e+06      18323.2    0.0115164
     -1.70875  1.63458e+24  1.63830e+06      18091.7    0.0106426
     -1.65696  1.48476e+24  1.49109e+06      17868.0   0.00985420
     -1.60721  1.35099e+24  1.36003e+06      17653.2   0.00914008
     -1.55942  1.23151e+24  1.24311e+06      17447.2   0.00849173
     -1.51349  1.12459e+24  1.13864e+06      17249.5   0.00790252
     -1.46933  1.02844e+24  1.04507e+06      17058.0   0.00736776
     -1.42685  9.41642e+23      961070.      16871.1   0.00688214
     -1.38597  8.63607e+23      885496.      16691.7   0.00643793
     -1.34661  7.93297e+23      817385.      16518.9   0.00603129
     -1.30870  7.29932e+23      755882.      16353.0   0.00565810
     -1.27216  6.72692e+23      700248.      16193.3   0.00531537
     -1.23693  6.20813e+23      649825.      16038.8   0.00500057
     -1.20293  5.73873e+23      604030.      15890.5   0.00471009
     -1.17009  5.31214e+23      562355.      15747.1   0.00444215
     -1.13835  4.92343e+23      524347.      15608.2   0.00419474
     -1.10762  4.57010e+23      489609.      15474.8   0.00396505
     -1.07786  4.24646e+23      457789.      15344.8   0.00375236
     -1.04900  3.94939e+23      428584.      15217.9   0.00355510
     -1.02100  3.67675e+23      401722.      15094.4   0.00337151
    -0.993796  3.42616e+23      376964.      14974.3   0.00320028
    -0.967348  3.19584e+23      354103.      14857.7   0.00304013
    -0.941598  2.98321e+23      332950.      14743.8   0.00289033
    -0.916496  2.78650e+23      313334.      14632.3   0.00274994
    -0.891994  2.60435e+23      295108.      14523.1   0.00261805
    -0.868047  2.43529e+23      278141.      14416.1   0.00249399
    -0.844614  2.27801e+23      262317.      14310.7   0.00237716
    -0.821657  2.13167e+23      247535.      14207.1   0.00226684
    -0.799138  1.99538e+23      233702.      14105.4   0.00216247
    -0.777022  1.86802e+23      220736.      14004.8   0.00206370
    -0.755278  1.74871e+23      208565.      13905.1   0.00197018
    -0.733878  1.63731e+23      197126.      13806.9   0.00188128
    -0.712793  1.53271e+23      186360.      13709.2   0.00179690
    -0.691998  1.43467e+23      176215.      13612.5   0.00171654
    -0.671465  1.34275e+23      166643.      13516.8   0.00163991
    -0.651164  1.25639e+23      157604.      13421.7   0.00156683
    -0.631070  1.17503e+23      149055.      13326.8   0.00149709
    -0.611157  1.09828e+23      140959.      13231.7   0.00143049
    -0.591405  1.02588e+23      133285.      13136.6   0.00136680
    -0.571793  9.57637e+22      126004.      13041.5   0.00130576
    -0.552302  8.93335e+22      119091.      12946.5   0.00124718
    -0.532919  8.32720e+22      112522.      12851.4   0.00119095
    -0.513626  7.75452e+22      106277.      12755.7   0.00113700
    -0.494411  7.21316e+22      100339.      12659.3   0.00108523
    -0.475262  6.70156e+22      94690.5      12561.8   0.00103556
    -0.456172  6.21755e+22      89317.7      12463.1  0.000987933
    -0.437134  5.76023e+22      84206.0      12363.0  0.000942232
    -0.418138  5.32919e+22      79343.6      12261.7  0.000898338
    -0.399175  4.92316e+22      74718.1      12159.2  0.000856168
    -0.380229  4.54077e+22      70316.6      12055.3  0.000815649
    -0.361291  4.18051e+22      66126.1      11949.4  0.000776716
    -0.342352  3.84158e+22      62137.5      11841.4  0.000739321
    -0.323407  3.52284e+22      58341.7      11730.9  0.000703414
    -0.304453  3.22272e+22      54730.4      11617.1  0.000669006
    -0.285487  2.94080e+22      51296.7      11499.7  0.000636044
    -0.266510  2.67639e+22      48034.0      11378.2  0.000604525
    -0.247520  2.42950e+22      44936.3      11252.6  0.000574370
    -0.228522  2.19936e+22      41997.0      11122.4  0.000545553
    -0.209515  1.98486e+22      39210.9      10986.8  0.000518100
    -0.190500  1.78519e+22      36572.7      10844.4  0.000492052
    -0.171477  1.60014e+22      34077.2      10694.3  0.000467404
    -0.152440  1.42903e+22      31717.3      10535.2  0.000444140
    -0.133389  1.27081e+22      29487.1      10365.7  0.000422260
    -0.114326  1.12452e+22      27381.3      10183.7  0.000401802
   -0.0952545  9.88401e+21      25393.8      9985.84  0.000382812
   -0.0761810  8.59868e+21      23518.2      9766.33  0.000365441
   -0.0571121  7.35948e+21      21745.9      9515.48  0.000349922
   -0.0380524  6.12922e+21      20065.6      9219.05  0.000336554
   -0.0190094  4.87467e+21      18463.0      8856.88  0.000325709
     -0.00000  3.59441e+21      16923.5      8410.60  0.000317493
    0.0189377  2.34266e+21      15438.9      7876.97  0.000311387
    0.0377289  1.22925e+21      14026.1      7278.63  0.000306335
    0.0563705  4.82110e+20      12697.8      6702.80  0.000299346
    0.0749832  1.49093e+20      11430.4      6251.09  0.000286829
    0.0936722  4.85165e+19      10196.3      5931.88  0.000268469
     0.112505  2.26318e+19      8999.66      5700.09  0.000246276
     0.131573  1.39382e+19      7867.69      5518.18  0.000222411
     0.150899  9.95473e+18      6821.11      5368.21  0.000198325
     0.170368  7.68101e+18      5873.64      5242.58  0.000175008
     0.189883  6.17421e+18      5029.23      5136.78  0.000153076
     0.209408  5.06694e+18      4284.49      5047.89  0.000132840
     0.228931  4.19822e+18      3633.27      4973.40  0.000114461
     0.248441  3.49513e+18      3068.16      4911.19  9.79935e-05
     0.267938  2.92029e+18      2581.14      4859.47  8.34131e-05
     0.287425  2.44818e+18      2164.01      4816.59  7.06378e-05
     0.306907  2.05898e+18      1808.75      4781.24  5.95460e-05
     0.326384  1.73658e+18      1507.65      4752.28  4.99901e-05
     0.345862  1.46778e+18      1253.38      4728.33  4.18100e-05
     0.365347  1.24213e+18      1039.42      4707.69  3.48533e-05
     0.384841  1.05158e+18      860.011      4688.31  2.89747e-05
     0.404348  8.89454e+17      709.992      4667.97  2.40355e-05
     0.423878  7.50848e+17      584.806      4645.32  1.99009e-05
     0.443444  6.32931e+17      480.505      4621.76  1.64391e-05
     0.463052  5.33347e+17      393.848      4599.57  1.35401e-05
     0.482712  4.49212e+17      322.057      4579.46  1.11196e-05
     0.502438  3.77936e+17      262.776      4558.21  9.11430e-06
     0.522242  3.17633e+17      214.034      4533.13  7.46519e-06
     0.542041  2.67412e+17      174.200      4505.75  6.11476e-06
     0.561835  2.25858e+17      141.657      4475.54  5.00948e-06
     0.581630  1.91704e+17      115.032      4442.31  4.10143e-06
     0.601438  1.64139e+17      93.2423      4408.77  3.35152e-06
     0.621270  1.42135e+17      75.4608      4378.79  2.73175e-06
     0.641042  1.24707e+17      61.0573      4355.22  2.22265e-06
     0.660860  1.10843e+17      49.3743      4337.91  1.80479e-06
     0.680727  9.99863e+16      39.9085      4328.73  1.46238e-06
     0.700642  9.15232e+16      32.2400      4326.86  1.18268e-06
     0.720594  8.50027e+16      26.0335      4329.22  9.55300e-07
     0.740572  7.99054e+16      21.0206      4333.10  7.71259e-07
     0.760567  7.58289e+16      16.9777      4338.99  6.22570e-07
     0.780566  7.26151e+16      13.7250      4348.71  5.02714e-07
     0.800566  7.01292e+16      11.1106      4363.14  4.06251e-07
     0.820566  6.82105e+16      9.01223      4382.70  3.28772e-07
     0.840566  6.68370e+16      7.33027      4407.54  2.66644e-07
     0.860565  6.59540e+16      5.98220      4435.40  2.16877e-07
     0.880565  6.54534e+16      4.90027      4465.07  1.76982e-07
     0.900565  6.53441e+16      4.03116      4499.41  1.44877e-07
     0.920564  6.51898e+16      3.32871      4532.10  1.19000e-07
     0.940564  6.48992e+16      2.75951      4566.68  9.80726e-08
     0.960564  6.45908e+16      2.29659      4604.07  8.10939e-08
     0.980563  6.42628e+16      1.91976      4643.72  6.73111e-08
      1.00056  6.39110e+16      1.61265      4685.27  5.61220e-08
      1.02056  6.35738e+16      1.36130      4727.73  4.70164e-08
      1.04056  6.32720e+16      1.15458      4770.95  3.95736e-08
      1.06056  6.30229e+16     0.983841      4815.51  3.34591e-08
      1.08056  6.28159e+16     0.842254      4863.00  2.84123e-08
      1.10056  6.26531e+16     0.724380      4914.32  2.42275e-08
      1.12056  6.25263e+16     0.626026      4969.66  2.07492e-08
      1.14056  6.24402e+16     0.543763      5028.94  1.78505e-08
      1.16056  6.23610e+16     0.474461      5087.62  1.54263e-08
      1.18056  6.22569e+16     0.415762      5146.44  1.33878e-08
      1.20056  6.21182e+16     0.365709      5204.79  1.16638e-08
      1.22056  6.19416e+16     0.322795      5262.57  1.01976e-08
      1.24056  6.17000e+16     0.285807      5320.48  8.94269e-09
      1.26056  6.13929e+16     0.253809      5380.23  7.86229e-09
      1.28056  6.10263e+16     0.226019      5443.06  6.92817e-09
      1.30056  6.05915e+16     0.201765      5509.90  6.11772e-09
      1.32056  6.00669e+16     0.180493      5590.10  5.41159e-09
      1.34056  5.94418e+16     0.161795      5684.41  4.79391e-09
      1.36056  5.87150e+16     0.145330      5788.32  4.25256e-09
      1.38056  5.78921e+16     0.130807      5902.96  3.77788e-09
      1.40056  5.69668e+16     0.117951      6036.84  3.36074e-09
      1.42056  5.59297e+16     0.106504      6200.02  2.99305e-09
      1.44056  5.47827e+16    0.0962834      6389.50  2.66830e-09
      1.46056  5.35326e+16    0.0871700      6616.09  2.38150e-09
      1.48056  5.21824e+16    0.0790292      6894.77  2.12782e-09
      1.50056  5.07423e+16    0.0717544      7228.69  1.90318e-09
      1.52056  4.92297e+16    0.0652554      7615.32  1.70442e-09
      1.54056  4.76622e+16    0.0594441      8067.24  1.52838e-09
      1.56056  4.60620e+16    0.0542302      8581.58  1.37249e-09
      1.58056  4.44392e+16    0.0495446      9159.91  1.23377e-09
      1.60056  4.28120e+16    0.0453254      9816.66  1.11003e-09
      1.62056  4.11952e+16    0.0415375      10577.6  9.99579e-10
      1.64056  3.95999e+16    0.0381471      11465.3  9.00821e-10
      1.66056  3.80403e+16    0.0350595      12451.5  8.12401e-10
      1.68056  3.65207e+16    0.0322607      13524.0  7.33184e-10
      1.70056  3.50371e+16    0.0297194      14675.1  6.62030e-10
      1.72056  3.35873e+16    0.0274130      15929.5  5.98239e-10
      1.74056  3.21809e+16    0.0253268      17296.8  5.41103e-10
      1.76056  3.08310e+16    0.0234587      18813.2  4.90069e-10
      1.78056  2.95371e+16    0.0217828      20492.6  4.44397e-10
      1.80056  2.82986e+16    0.0202773      22322.1  4.03479e-10
      1.82056  2.71160e+16    0.0189281      24299.3  3.66803e-10
      1.84056  2.59867e+16    0.0177118      26399.6  3.33849e-10
      1.86056  2.49092e+16    0.0166145      28588.9  3.04219e-10
      1.88055  2.38846e+16    0.0156288      30865.9  2.77646e-10
      1.90055  2.29106e+16    0.0147392      33232.6  2.53793e-10
      1.92055  2.19770e+16    0.0139356      35694.7  2.32303e-10
      1.94055  2.10773e+16    0.0132077      38249.9  2.12873e-10
      1.96055  2.02039e+16    0.0125447      40871.9  1.95242e-10
      1.98055  1.93537e+16    0.0119393      43560.8  1.79218e-10
      2.00055  1.85307e+16    0.0113880      46321.3  1.64648e-10
      2.02055  1.77365e+16    0.0108837      49175.4  1.51414e-10
      2.04055  1.69750e+16    0.0104219      52129.6  1.39434e-10
      2.06055  1.62471e+16   0.00999755      55186.2  1.28613e-10
      2.08055  1.55516e+16   0.00961374      58357.4  1.18838e-10
      2.10055  1.48850e+16   0.00926810      61633.8  1.09950e-10
      2.12055  1.42502e+16   0.00895620      65003.0  1.01863e-10
      2.14055  1.36337e+16   0.00867520      68487.6  9.43841e-11
      2.16055  1.30459e+16   0.00841878      72041.1  8.75304e-11
      2.18055  1.24847e+16   0.00818633      75672.7  8.12363e-11
      2.20055  1.19507e+16   0.00797466      79376.0  7.54784e-11
      2.22055  1.14430e+16   0.00778366      83160.8  7.02335e-11
      2.24055  1.09605e+16   0.00761024      87010.7  6.54556e-11
      2.26055  1.05031e+16   0.00745290      90925.5  6.10895e-11
      2.28055  1.00699e+16   0.00731028      94889.9  5.70911e-11
      2.30055  9.65874e+15   0.00718162      98908.0  5.34215e-11
      2.32055  9.26870e+15   0.00706437      102987.  5.00473e-11
      2.34055  8.89786e+15   0.00695706      107132.  4.69340e-11
      2.36055  8.54278e+15   0.00685853      111336.  4.40462e-11
      2.38055  8.20212e+15   0.00676783      115575.  4.13577e-11
      2.40055  7.87413e+15   0.00668580      119850.  3.88451e-11
      2.42055  7.55786e+15   0.00661199      124163.  3.64919e-11
      2.44055  7.25215e+15   0.00654628      128527.  3.42807e-11
      2.46055  6.95831e+15   0.00648814      132932.  3.22133e-11
      2.48055  6.67704e+15   0.00643715      137367.  3.02825e-11
      2.50055  6.40796e+15   0.00639197      141821.  2.84761e-11
      2.52055  6.15034e+15   0.00635352      146308.  2.67843e-11
      2.54055  5.90272e+15   0.00632238      150839.  2.51985e-11
      2.56055  5.66468e+15   0.00629605      155399.  2.37140e-11
      2.58055  5.43636e+15   0.00627658      160002.  2.23247e-11
      2.60055  5.21805e+15   0.00626191      164644.  2.10275e-11
      2.62055  5.00977e+15   0.00625081      169307.  1.98172e-11
      2.64055  4.81012e+15   0.00624351      173965.  1.86836e-11
      2.66055  4.61886e+15   0.00623949      178603.  1.76229e-11
      2.68055  4.43627e+15   0.00623839      183215.  1.66325e-11
      2.70054  4.26209e+15   0.00624005      187796.  1.57067e-11
      2.72055  4.09626e+15   0.00624385      192339.  1.48432e-11
      2.74054  3.93859e+15   0.00624985      196840.  1.40381e-11
      2.76054  3.78787e+15   0.00625767      201293.  1.32833e-11
      2.78054  3.64425e+15   0.00626759      205694.  1.25761e-11
      2.80054  3.50911e+15   0.00627943      210028.  1.19154e-11
      2.82054  3.38271e+15   0.00629323      214292.  1.12982e-11
      2.84054  3.26397e+15   0.00630698      218488.  1.07178e-11
      2.86054  3.14938e+15   0.00632543      222632.  1.01675e-11
      2.88054  3.03098e+15   0.00634005      226724.  9.64514e-12
      2.90054  2.91474e+15   0.00633892      230765.  9.15157e-12
      2.92054  2.80631e+15   0.00633709      234795.  8.69228e-12
      2.94054  2.70718e+15   0.00634281      238856.  8.26960e-12
      2.96054  2.61484e+15   0.00635245      242908.  7.87713e-12
      2.98054  2.52754e+15   0.00636364      246834.  7.51021e-12
      3.00054  2.44412e+15   0.00637663      250662.  7.16540e-12
      3.02054  2.36423e+15   0.00639101      254439.  6.84061e-12
      3.04054  2.28737e+15   0.00640643      258197.  6.53408e-12
      3.06054  2.21331e+15   0.00642248      261930.  6.24403e-12
      3.08054  2.14152e+15   0.00643883      265633.  5.96860e-12
      3.10054  2.07187e+15   0.00645501      269304.  5.70654e-12
      3.12054  2.00434e+15   0.00647116      272944.  5.45711e-12
      3.14054  1.93903e+15   0.00648771      276557.  5.22008e-12
      3.16054  1.87568e+15   0.00650469      280145.  4.99373e-12
      3.18054  1.81450e+15   0.00652233      283712.  4.77801e-12
      3.20054  1.75580e+15   0.00654088      287260.  4.57332e-12
      3.22054  1.69966e+15   0.00656051      290795.  4.37931e-12
      3.24054  1.64604e+15   0.00658120      294326.  4.19588e-12
      3.26054  1.59484e+15   0.00660351      297874.  4.02286e-12
      3.28054  1.54608e+15   0.00662675      301435.  3.85973e-12
      3.30054  1.49972e+15   0.00665106      305022.  3.70618e-12
      3.32054  1.45568e+15   0.00667638      308633.  3.56191e-12
      3.34054  1.41390e+15   0.00670313      312276.  3.42712e-12
      3.36054  1.37459e+15   0.00673114      315944.  3.30230e-12
      3.38054  1.33702e+15   0.00676051      319657.  3.18478e-12
      3.40054  1.30136e+15   0.00679077      323392.  3.07456e-12
      3.42054  1.26768e+15   0.00682207      327149.  2.97127e-12
      3.44054  1.23567e+15   0.00685450      330918.  2.87400e-12
      3.46054  1.20524e+15   0.00688813      334689.  2.78235e-12
      3.48053  1.17620e+15   0.00692299      338457.  2.69578e-12
      3.50053  1.14849e+15   0.00695908      342218.  2.61393e-12
      3.52053  1.12203e+15   0.00699615      345967.  2.53655e-12
      3.54053  1.09647e+15   0.00703412      349706.  2.46269e-12
      3.56053  1.07174e+15   0.00707311      353439.  2.39209e-12
      3.58053  1.04793e+15   0.00711287      357167.  2.32467e-12
      3.60053  1.02498e+15   0.00715375      360906.  2.26029e-12
      3.62053  1.00287e+15   0.00719572      364662.  2.19891e-12
      3.64053  9.81566e+14   0.00723902      368451.  2.14043e-12
      3.66053  9.61002e+14   0.00728335      372282.  2.08467e-12
      3.68053  9.41164e+14   0.00732840      376148.  2.03145e-12
      3.70053  9.22159e+14   0.00737405      380046.  1.98094e-12
      3.72053  9.04050e+14   0.00742005      383972.  1.93311e-12
      3.74053  8.86790e+14   0.00746662      387913.  1.88783e-12
      3.76053  8.70302e+14   0.00751362      391847.  1.84491e-12
      3.78053  8.54495e+14   0.00756065      395737.  1.80404e-12
      3.80053  8.39170e+14   0.00760709      399543.  1.76477e-12
      3.82053  8.24161e+14   0.00765249      403233.  1.72685e-12
      3.84053  8.09581e+14   0.00769626      406793.  1.69032e-12
      3.86053  7.95398e+14   0.00773836      410229.  1.65504e-12
      3.88053  7.81462e+14   0.00777858      413560.  1.62060e-12
      3.90053  7.67687e+14   0.00781707      416808.  1.58685e-12
      3.92053  7.53970e+14   0.00785423      419991.  1.55359e-12
      3.94053  7.40426e+14   0.00789010      423112.  1.52108e-12
      3.96053  7.27262e+14   0.00792501      426181.  1.48967e-12
      3.98053  7.14757e+14   0.00795972      429217.  1.45985e-12
      4.00053  7.02943e+14   0.00799488      432231.  1.43186e-12
      4.02053  6.91789e+14   0.00803043      435218.  1.40569e-12
      4.04053  6.81359e+14   0.00806631      438166.  1.38135e-12
      4.06053  6.71518e+14   0.00810246      441069.  1.35855e-12
      4.08053  6.62207e+14   0.00813894      443923.  1.33709e-12
      4.10053  6.53397e+14   0.00817586      446739.  1.31690e-12
      4.12053  6.45130e+14   0.00821327      449528.  1.29801e-12
      4.14053  6.37446e+14   0.00825159      452304.  1.28048e-12
      4.16053  6.30326e+14   0.00829122      455079.  1.26432e-12
      4.18053  6.23763e+14   0.00833262      457861.  1.24953e-12
      4.20053  6.17797e+14   0.00837567      460640.  1.23610e-12
      4.22052  6.12337e+14   0.00842065      463415.  1.22380e-12
      4.24052  6.07254e+14   0.00846677      466164.  1.21233e-12
      4.26052  6.02505e+14   0.00851418      468885.  1.20163e-12
      4.28052  5.98025e+14   0.00856243      471574.  1.19157e-12
      4.30052  5.93782e+14   0.00861129      474235.  1.18205e-12
      4.32052  5.89728e+14   0.00866053      476881.  1.17297e-12
      4.34052  5.85845e+14   0.00870973      479508.  1.16428e-12
      4.36052  5.82130e+14   0.00875837      482109.  1.15601e-12
      4.38052  5.78564e+14   0.00880582      484669.  1.14813e-12
      4.40052  5.75149e+14   0.00885141      487187.  1.14066e-12
      4.42052  5.71962e+14   0.00889453      489666.  1.13374e-12
      4.44052  5.69083e+14   0.00893498      492112.  1.12750e-12
      4.46052  5.66513e+14   0.00897259      494525.  1.12200e-12
      4.48052  5.64184e+14   0.00900745      496918.  1.11717e-12
      4.50052  5.62069e+14   0.00903905      499288.  1.11283e-12
      4.52052  5.60125e+14   0.00906739      501639.  1.10885e-12
      4.54052  5.58258e+14   0.00909234      503972.  1.10507e-12
      4.56052  5.56456e+14   0.00911396      506277.  1.10144e-12
      4.58052  5.54725e+14   0.00913239      508541.  1.09796e-12
      4.60052  5.53089e+14   0.00914809      510757.  1.09467e-12
      4.62052  5.51539e+14   0.00916150      512926.  1.09153e-12
      4.64052  5.50077e+14   0.00917335      515052.  1.08856e-12
      4.66052  5.48672e+14   0.00918379      517136.  1.08569e-12
      4.68052  5.47316e+14   0.00919305      519171.  1.08292e-12
      4.70052  5.46002e+14   0.00920103      521152.  1.08023e-12
      4.72052  5.44736e+14   0.00920801      523073.  1.07764e-12
      4.74052  5.43517e+14   0.00921416      524935.  1.07514e-12
      4.76052  5.42363e+14   0.00921955      526742.  1.07278e-12
      4.78052  5.41291e+14   0.00922441      528500.  1.07060e-12
      4.80052  5.40303e+14   0.00922874      530206.  1.06859e-12
      4.82052  5.39395e+14   0.00923244      531858.  1.06675e-12
      4.84052  5.38559e+14   0.00923549      533455.  1.06506e-12
      4.86052  5.37792e+14   0.00923780      534991.  1.06351e-12
      4.88052  5.37081e+14   0.00923933      536463.  1.06207e-12
      4.90052  5.36414e+14   0.00923994      537864.  1.06072e-12
      4.92052  5.35763e+14   0.00923963      539194.  1.05940e-12
      4.94052  5.35129e+14   0.00923822      540452.  1.05812e-12
      4.96051  5.34488e+14   0.00923554      541644.  1.05682e-12
      4.98051  5.33863e+14   0.00923154      542775.  1.05556e-12
      5.00051  5.33255e+14   0.00922642      543854.  1.05436e-12
      5.02072  5.32617e+14   0.00922009      544886.  1.05316e-12
      5.04117  5.31878e+14   0.00921298      545868.  1.05182e-12
      5.06187  5.31017e+14   0.00920507      546787.  1.05033e-12
      5.08281  5.30083e+14   0.00919624      547633.  1.04868e-12
      5.10400  5.29103e+14   0.00918622      548400.  1.04686e-12
      5.12545  5.28040e+14   0.00917505      549089.  1.04481e-12
      5.14716  5.26845e+14   0.00916253      549698.  1.04246e-12
      5.16912  5.25499e+14   0.00914840      550230.  1.03978e-12
      5.19136  5.24020e+14   0.00913223      550684.  1.03679e-12
      5.21385  5.22444e+14   0.00911408      551064.  1.03359e-12
      5.23662  5.20762e+14   0.00909419      551373.  1.03016e-12
      5.25966  5.19037e+14   0.00907284      551617.  1.02664e-12
      5.28298  5.17309e+14   0.00905031      551797.  1.02311e-12
      5.30657  5.15613e+14   0.00902663      551904.  1.01965e-12
      5.33045  5.14006e+14   0.00900160      551909.  1.01637e-12
      5.35462  5.12470e+14   0.00897444      551778.  1.01325e-12
      5.37907  5.10968e+14   0.00894461      551491.  1.01024e-12
      5.40382  5.09493e+14   0.00891189      551048.  1.00733e-12
      5.42887  5.08055e+14   0.00887647      550489.  1.00448e-12
      5.45422  5.06614e+14   0.00883777      549843.  1.00163e-12
      5.47987  5.05185e+14   0.00879642      549151.  9.98810e-13
      5.50583  5.03746e+14   0.00875373      548468.  9.95964e-13
      5.53210  5.02294e+14   0.00871027      547785.  9.93095e-13
      5.55868  5.00835e+14   0.00866589      547080.  9.90210e-13
      5.58559  4.99375e+14   0.00862064      546338.  9.87325e-13
      5.61282  4.97923e+14   0.00857471      545555.  9.84454e-13
      5.64037  4.96456e+14   0.00852774      544732.  9.81554e-13
      5.66826  4.94969e+14   0.00847958      543874.  9.78615e-13
      5.69648  4.93413e+14   0.00842989      542987.  9.75534e-13
      5.72503  4.91740e+14   0.00837886      542094.  9.72222e-13
      5.75393  4.89901e+14   0.00832625      541199.  9.68587e-13
      5.78318  4.87889e+14   0.00827176      540303.  9.64610e-13
      5.81278  4.85737e+14   0.00821498      539392.  9.60356e-13
      5.84273  4.83494e+14   0.00815591      538452.  9.55923e-13
      5.87305  4.81169e+14   0.00809432      537469.  9.51328e-13
      5.90373  4.78762e+14   0.00803025      536437.  9.46569e-13
      5.93477  4.76261e+14   0.00796386      535364.  9.41627e-13
      5.96619  4.73653e+14   0.00789509      534256.  9.36481e-13
      5.99798  4.70926e+14   0.00782393      533113.  9.31090e-13
      6.03016  4.68055e+14   0.00775022      531932.  9.25417e-13
      6.06272  4.65043e+14   0.00767407      530717.  9.19468e-13
      6.09568  4.61915e+14   0.00759576      529466.  9.13297e-13
      6.12903  4.58669e+14   0.00751544      528188.  9.06904e-13
      6.16277  4.55349e+14   0.00743363      526889.  9.00369e-13
      6.19693  4.51956e+14   0.00735034      525574.  8.93684e-13
      6.23149  4.48486e+14   0.00726566      524239.  8.86841e-13
      6.26647  4.44908e+14   0.00717962      522882.  8.79775e-13
      6.30187  4.41205e+14   0.00709229      521502.  8.72460e-13
      6.33769  4.37378e+14   0.00700418      520112.  8.64897e-13
      6.37394  4.33445e+14   0.00691563      518716.  8.57122e-13
      6.41063  4.29425e+14   0.00682692      517324.  8.49174e-13
      6.44776  4.25310e+14   0.00673800      515939.  8.41040e-13
      6.48533  4.21117e+14   0.00664880      514563.  8.32748e-13
      6.52336  4.16855e+14   0.00655920      513191.  8.24323e-13
      6.56184  4.12561e+14   0.00646915      511810.  8.15833e-13
      6.60078  4.08277e+14   0.00637865      510404.  8.07361e-13
      6.64019  4.04046e+14   0.00628776      508953.  7.98996e-13
      6.68008  3.99910e+14   0.00619656      507444.  7.90821e-13
      6.72044  3.95912e+14   0.00610537      505868.  7.82917e-13
      6.76128  3.92064e+14   0.00601436      504232.  7.75309e-13
      6.80262  3.88361e+14   0.00592391      502550.  7.67989e-13
      6.84445  3.84785e+14   0.00583410      500850.  7.60919e-13
      6.88679  3.81298e+14   0.00574485      499161.  7.54026e-13
      6.92963  3.77861e+14   0.00565595      497511.  7.47233e-13
      6.97298  3.74447e+14   0.00556753      495925.  7.40485e-13
      7.01686  3.71071e+14   0.00547992      494405.  7.33812e-13
      7.06126  3.67745e+14   0.00539377      492935.  7.27237e-13
      7.10620  3.64485e+14   0.00530953      491469.  7.20788e-13
      7.15168  3.61285e+14   0.00522694      489949.  7.14460e-13
      7.19770  3.58104e+14   0.00514509      488337.  7.08164e-13
      7.24427  3.54880e+14   0.00506345      486633.  7.01786e-13
      7.29140  3.51582e+14   0.00498176      484861.  6.95258e-13
      7.33910  3.48184e+14   0.00490008      483053.  6.88557e-13
      7.38737  3.44716e+14   0.00481898      481231.  6.81726e-13
      7.43622  3.41184e+14   0.00473879      479412.  6.74765e-13
      7.48565  3.37566e+14   0.00465987      477622.  6.67624e-13
      7.53568  3.33869e+14   0.00458277      475868.  6.60320e-13
      7.58631  3.30104e+14   0.00450747      474166.  6.52871e-13
      7.63755  3.26291e+14   0.00443391      472532.  6.45320e-13
      7.68940  3.22442e+14   0.00436194      470977.  6.37689e-13
      7.74187  3.18573e+14   0.00429171      469528.  6.30025e-13
      7.79497  3.14709e+14   0.00422355      468210.  6.22398e-13
      7.84871  3.10925e+14   0.00415803      467039.  6.14932e-13
      7.90310  3.07242e+14   0.00409540      466012.  6.07662e-13
      7.95814  3.03653e+14   0.00403561      465119.  6.00581e-13
      8.01384  3.00129e+14   0.00397811      464359.  5.93629e-13
      8.07020  2.96623e+14   0.00392252      463728.  5.86716e-13
      8.12725  2.93065e+14   0.00386825      463207.  5.79684e-13
      8.18497  2.89453e+14   0.00381492      462770.  5.72505e-13
      8.24339  2.85800e+14   0.00376202      462368.  5.65223e-13
      8.30252  2.82099e+14   0.00370913      461966.  5.57857e-13
      8.36235  2.78326e+14   0.00365589      461528.  5.50381e-13
      8.42290  2.74516e+14   0.00360235      461055.  5.42851e-13
      8.48417  2.70726e+14   0.00354871      460553.  5.35359e-13
      8.54618  2.66947e+14   0.00349508      460028.  5.27888e-13
      8.60894  2.63196e+14   0.00344182      459491.  5.20474e-13
      8.67244  2.59488e+14   0.00338910      458922.  5.13145e-13
      8.73671  2.55859e+14   0.00333724      458312.  5.05973e-13
      8.80176  2.52337e+14   0.00328646      457653.  4.99010e-13
      8.86758  2.48983e+14   0.00323730      456953.  4.92380e-13
      8.93419  2.45830e+14   0.00318993      456217.  4.86146e-13
      9.00160  2.42885e+14   0.00314457      455470.  4.80323e-13
      9.06982  2.40119e+14   0.00310123      454739.  4.74855e-13
      9.13886  2.37543e+14   0.00306033      454051.  4.69762e-13
      9.20872  2.35092e+14   0.00302139      453449.  4.64915e-13
      9.27943  2.32782e+14   0.00298470      452931.  4.60347e-13
      9.35098  2.30550e+14   0.00294944      452503.  4.55933e-13
      9.42340  2.28372e+14   0.00291513      452141.  4.51627e-13
      9.49668  2.26189e+14   0.00288136      451860.  4.47311e-13
      9.57084  2.23931e+14   0.00284776      451684.  4.42848e-13
      9.64589  2.21543e+14   0.00281401      451636.  4.38124e-13
      9.72184  2.19040e+14   0.00278024      451734.  4.33176e-13
      9.79871  2.16463e+14   0.00274655      451989.  4.28081e-13
      9.87649  2.13902e+14   0.00271320      452364.  4.23016e-13
      9.95521  2.11463e+14   0.00268154      452856.  4.18194e-13
      10.0349  2.09168e+14   0.00265196      453408.  4.13658e-13
      10.1151  2.06968e+14   0.00262389      453996.  4.09308e-13
      10.1956  2.04775e+14   0.00259603      454605.  4.04970e-13
      10.2765  2.02559e+14   0.00256775      455217.  4.00589e-13
      10.3576  2.00343e+14   0.00253884      455757.  3.96208e-13
      10.4391  1.98157e+14   0.00250913      456169.  3.91883e-13
      10.5210  1.95995e+14   0.00247803      456408.  3.87607e-13
      10.6031  1.93852e+14   0.00244553      456498.  3.83371e-13
      10.6856  1.91726e+14   0.00241209      456515.  3.79165e-13
      10.7684  1.89557e+14   0.00237834      456601.  3.74875e-13
      10.8515  1.87298e+14   0.00234472      456830.  3.70406e-13
      10.9350  1.84966e+14   0.00231187      457250.  3.65794e-13
      11.0188  1.82572e+14   0.00227996      457866.  3.61061e-13
      11.1030  1.80163e+14   0.00224896      458661.  3.56297e-13
      11.1874  1.77799e+14   0.00221898      459594.  3.51623e-13
      11.2722  1.75508e+14   0.00218997      460648.  3.47091e-13
      11.3574  1.73304e+14   0.00216186      461806.  3.42735e-13
      11.4429  1.71214e+14   0.00213450      463063.  3.38600e-13
      11.5287  1.69239e+14   0.00210785      464456.  3.34695e-13
      11.6149  1.67357e+14   0.00208199      466094.  3.30973e-13
      11.7014  1.65414e+14   0.00205695      468067.  3.27129e-13
      11.7883  1.63334e+14   0.00203260      470313.  3.23015e-13
      11.8755  1.61134e+14   0.00200905      472780.  3.18665e-13
      11.9631  1.58870e+14   0.00198657      475446.  3.14187e-13
      12.0510  1.56576e+14   0.00196544      478327.  3.09650e-13
      12.1393  1.54300e+14   0.00194631      481476.  3.05149e-13
      12.2279  1.52130e+14   0.00192971      484930.  3.00858e-13
      12.3169  1.50119e+14   0.00191587      488723.  2.96881e-13
      12.4062  1.48225e+14   0.00190462      492903.  2.93135e-13
      12.4959  1.46399e+14   0.00189582      497472.  2.89523e-13
      12.5860  1.44654e+14   0.00188948      502461.  2.86074e-13
      12.6764  1.42990e+14   0.00188535      507895.  2.82782e-13
      12.7672  1.41394e+14   0.00188327      513813.  2.79627e-13
      12.8583  1.39843e+14   0.00188300      520203.  2.76562e-13
      12.9498  1.38256e+14   0.00188434      527050.  2.73424e-13
      13.0417  1.36528e+14   0.00188666      534304.  2.70008e-13
      13.1339  1.34598e+14   0.00188912      541867.  2.66192e-13
      13.2265  1.32452e+14   0.00189069      549560.  2.61947e-13
      13.3195  1.30122e+14   0.00189054      557246.  2.57338e-13
      13.4128  1.27675e+14   0.00188798      564773.  2.52497e-13
      13.5065  1.25191e+14   0.00188317      572202.  2.47583e-13
      13.6006  1.22753e+14   0.00187645      579644.  2.42761e-13
      13.6951  1.20484e+14   0.00186876      587071.  2.38272e-13
      13.7899  1.18423e+14   0.00186118      594421.  2.34196e-13
      13.8852  1.16640e+14   0.00185547      601578.  2.30668e-13
      13.9808  1.15156e+14   0.00185219      608352.  2.27734e-13
      14.0768  1.14010e+14   0.00185178      614598.  2.25467e-13
      14.1731  1.13230e+14   0.00185545      620306.  2.23922e-13
      14.2699  1.12745e+14   0.00186045      624822.  2.22963e-13
      14.3671  1.12491e+14   0.00186628      628202.  2.22460e-13
